76
0 63 14 42 12 62 36 25 15 22 14 69 43 33 49 50 59 18 41 41 50 61 40 23 6 48 45 27 44 30 46 35 10 16 25 30 49 40 51 28 39 53 27 42 63 37 36 58 21 45 57 62 75 49 63 53 57 39 56 64 33 19 61 31 57 37 55 50 55 46 20 45 34 32 59 32
63 0 59 28 56 37 47 43 48 63 55 33 22 30 41 13 20 60 55 26 14 27 36 50 57 16 31 47 20 41 21 38 60 49 46 34 24 23 19 35 45 13 38 42 34 27 27 32 43 37 37 33 23 33 27 37 8 34 18 17 34 46 9 60 50 28 27 34 15 17 43 64 34 47 14 54
14 59 0 34 5 50 22 16 17 9 24 72 41 30 36 46 59 30 50 41 45 51 29 11 15 46 35 35 38 20 39 39 4 11 32 24 40 37 50 27 46 51 29 48 66 36 34 61 16 50 45 51 74 52 65 58 51 42 48 64 35 23 58 42 64 30 45 39 54 44 19 56 26 40 52 42
42 28 34 0 32 23 19 18 29 37 40 52 21 16 17 18 37 47 53 26 15 19 9 23 38 21 6 38 9 14 6 34 36 26 36 13 7 14 29 20 44 25 26 43 49 21 18 45 21 41 19 22 48 40 45 46 20 33 14 39 27 31 30 52 58 7 13 13 30 19 23 62 8 41 18 48
12 56 5 32 0 50 24 14 12 14 19 67 37 26 37 42 54 26 45 37 42 50 29 12 10 42 34 29 36 19 37 34 4 7 26 21 39 33 46 23 41 47 24 43 61 32 30 56 12 45 45 51 70 48 60 53 49 37 46 60 30 18 54 38 59 28 44 39 50 40 14 51 24 35 50 37
62 37 50 23 50 0 28 38 51 49 62 68 42 39 14 35 54 69 76 48 31 10 22 39 58 40 18 62 30 31 25 57 54 46 59 36 18 36 48 43 67 42 49 66 67 43 41 64 42 63 5 4 60 61 62 66 31 55 20 53 51 54 44 76 79 30 12 12 47 39 45 85 29 65 23 71
36 47 22 19 24 28 0 15 29 21 40 69 37 27 14 37 54 47 61 40 34 31 11 12 33 39 17 45 28 10 26 44 26 21 42 20 24 30 46 28 54 43 34 54 66 34 31 61 20 54 23 30 67 54 62 60 39 45 32 57 38 34 49 57 70 21 26 18 48 37 25 69 15 49 36 54
25 43 16 18 14 38 15 0 14 21 25 59 27 15 26 30 45 33 46 28 29 36 16 8 21 30 21 29 22 6 23 30 18 8 27 8 25 21 36 14 39 35 19 40 54 22 20 49 5 40 33 38 59 41 51 47 35 31 32 49 24 18 43 42 56 14 30 26 39 28 10 54 10 34 36 39
15 48 17 29 12 51 29 14 0 25 11 56 28 18 40 35 44 18 34 26 35 49 29 18 9 33 34 18 30 21 32 22 15 8 15 16 36 25 36 14 30 38 13 32 50 22 21 45 9 34 46 51 60 36 49 41 42 26 42 50 19 6 46 28 47 23 43 39 40 32 6 41 22 23 45 26
22 63 9 37 14 49 21 21 25 0 33 79 48 36 35 51 66 39 59 49 49 52 30 14 23 52 36 43 43 23 43 47 12 18 40 30 43 42 57 34 55 57 37 57 74 43 41 69 22 59 44 51 81 60 72 66 56 50 51 70 43 32 64 51 73 35 46 39 60 49 26 65 29 49 55 51
14 55 24 40 19 62 40 25 11 33 0 56 33 26 51 42 47 7 26 30 43 59 41 29 10 39 44 13 39 32 42 22 21 19 11 27 47 33 40 21 25 44 17 28 50 28 28 45 21 32 57 62 64 36 51 40 50 26 52 53 22 9 51 18 42 33 53 50 45 38 17 32 33 18 54 18
69 33 72 52 67 68 69 59 56 79 56 0 32 43 68 34 15 58 41 31 38 59 60 67 64 31 57 43 43 60 46 35 71 61 45 51 52 39 23 45 34 27 43 30 7 36 39 12 57 25 67 65 15 21 7 18 37 30 48 16 37 51 25 51 26 48 57 62 22 33 53 47 55 40 46 45
43 22 41 21 37 42 37 27 28 48 33 32 0 11 38 10 18 38 36 6 13 35 29 35 37 6 27 25 13 28 17 17 41 30 24 18 24 7 9 14 25 10 16 23 28 5 7 24 25 21 40 40 33 19 25 25 18 13 25 23 12 25 18 39 37 16 31 33 13 5 23 45 23 25 25 33
33 30 30 16 26 39 27 15 18 36 26 43 11 0 31 17 29 33 37 13 17 34 21 23 27 16 22 23 12 17 16 19 31 19 21 7 21 7 21 5 29 21 11 28 39 7 4 34 14 27 35 38 45 27 36 33 24 18 26 34 12 17 28 37 44 9 28 28 24 14 13 46 13 26 28 33
49 41 36 17 37 14 14 26 40 35 51 68 38 31 0 34 53 58 68 43 30 19 11 26 46 38 11 53 26 19 22 50 40 33 50 26 17 31 46 34 60 41 41 59 66 37 34 62 30 58 9 16 63 57 61 63 33 49 23 54 43 43 46 66 74 23 15 7 46 36 35 77 19 56 27 63
50 13 46 18 42 35 37 30 35 51 42 34 10 17 34 0 19 47 45 15 4 27 27 38 44 5 23 34 9 29 12 27 47 36 34 22 18 9 13 21 35 7 25 33 32 14 14 29 30 29 33 32 31 26 27 31 9 23 16 21 22 33 13 48 44 16 24 28 12 4 29 54 23 35 16 43
59 20 59 37 54 54 54 45 44 66 47 15 18 29 53 19 0 50 39 18 23 44 45 53 53 16 42 35 27 46 31 26 59 48 36 36 37 24 9 32 29 12 32 25 14 23 25 12 43 20 52 50 17 15 8 17 23 21 34 7 26 40 11 46 31 33 42 47 7 18 40 47 40 33 32 40
18 60 30 47 26 69 47 33 18 39 7 58 38 33 58 47 50 0 23 34 49 66 48 36 16 44 51 15 45 39 48 24 26 26 14 34 53 39 44 28 25 48 22 29 51 33 34 46 28 33 64 69 66 37 53 40 56 29 58 57 26 16 55 13 41 40 60 57 49 43 24 27 40 18 60 15
41 55 50 53 45 76 61 46 34 59 26 41 36 37 68 45 39 23 0 30 48 70 58 52 36 40 59 16 47 51 52 19 47 42 19 42 58 40 36 34 10 42 28 14 34 33 35 30 41 18 72 74 53 23 38 23 54 22 60 46 26 28 48 11 18 46 65 65 40 41 36 9 50 12 61 8
41 26 41 26 37 48 40 28 26 49 30 31 6 13 43 15 18 34 30 0 18 41 33 36 35 11 32 20 18 31 23 12 41 31 20 21 30 12 10 14 20 14 14 18 26 6 9 21 26 15 45 45 34 14 24 20 24 8 30 24 8 22 21 34 32 20 36 38 15 11 23 39 26 20 31 28
50 14 45 15 42 31 34 29 35 49 43 38 13 17 30 4 23 49 48 18 0 23 24 36 44 9 20 37 6 27 9 30 46 35 36 21 14 10 17 22 38 11 26 36 36 16 15 33 30 33 29 28 34 30 31 35 7 26 12 24 24 34 16 51 48 14 20 24 16 8 29 58 21 38 12 46
61 27 51 19 50 10 31 36 49 52 59 59 35 34 19 27 44 66 70 41 23 0 22 40 57 32 16 56 23 31 18 51 54 45 55 32 13 30 39 39 60 33 45 58 58 37 35 55 40 55 11 6 50 53 52 58 21 48 11 43 45 50 34 71 71 26 6 13 38 31 43 79 27 59 13 66
40 36 29 9 29 22 11 16 29 30 41 60 29 21 11 27 45 48 58 33 24 22 0 18 36 30 6 42 18 9 15 40 32 24 39 15 13 22 37 24 49 34 30 49 57 27 24 53 20 48 17 23 57 47 53 53 28 39 21 48 33 33 39 55 64 13 16 10 39 28 24 66 8 46 25 52
23 50 11 23 12 39 12 8 18 14 29 67 35 23 26 38 53 36 52 36 36 40 18 0 21 38 24 35 29 9 29 37 15 10 32 16 30 29 44 22 46 43 26 47 62 30 28 57 11 48 34 40 67 49 60 55 42 39 38 57 32 24 50 46 63 21 34 28 47 36 16 59 16 40 41 44
6 57 15 38 10 58 33 21 9 23 10 64 37 27 46 44 53 16 36 35 44 57 36 21 0 42 41 22 39 27 41 29 11 13 20 25 45 35 45 23 34 47 21 37 57 31 30 52 16 40 53 59 69 43 57 48 51 33 51 59 27 13 55 28 52 32 51 47 49 41 15 42 30 27 54 28
48 16 46 21 42 40 39 30 33 52 39 31 6 16 38 5 16 44 40 11 9 32 30 38 42 0 27 31 12 31 16 22 46 35 30 22 22 9 8 20 30 5 22 28 28 11 12 24 30 24 38 37 29 21 23 26 13 18 21 19 18 31 13 44 39 18 28 32 9 2 28 50 25 31 21 39
45 31 35 6 34 18 17 21 34 36 44 57 27 22 11 23 42 51 59 32 20 16 6 24 41 27 0 44 15 15 11 40 38 29 42 18 7 21 35 25 50 30 32 49 55 27 24 51 25 47 13 17 53 46 50 52 23 39 15 44 34 36 35 58 64 13 10 6 35 25 28 68 11 47 19 54
27 47 35 38 29 62 45 29 18 43 13 43 25 23 53 34 35 15 16 20 37 56 42 35 22 31 44 0 34 35 38 9 32 26 3 27 44 27 29 18 12 34 12 15 36 21 22 32 25 18 57 60 52 22 38 26 43 14 48 42 13 12 41 14 30 31 51 50 34 30 20 25 34 5 49 10
44 20 38 9 36 30 28 22 30 43 39 43 13 12 26 9 27 45 47 18 6 23 18 29 39 12 15 34 0 21 4 28 40 29 33 15 11 7 20 17 38 16 23 36 40 14 12 36 24 34 27 27 39 32 35 37 13 26 13 30 22 30 22 49 50 8 18 20 21 10 24 57 14 36 15 44
30 41 20 14 19 31 10 6 21 23 32 60 28 17 19 29 46 39 51 31 27 31 9 9 27 31 15 35 21 0 20 34 23 14 32 10 20 21 37 18 44 35 24 44 56 25 22 51 11 44 26 32 59 44 53 50 33 35 28 49 28 24 42 48 60 13 25 20 39 28 16 60 6 39 32 45
46 21 39 6 37 25 26 23 32 43 42 46 17 16 22 12 31 48 52 23 9 18 15 29 41 16 11 38 4 20 0 33 41 30 36 16 7 11 24 21 42 19 26 40 44 18 16 40 25 38 22 23 42 36 39 42 13 30 10 33 26 33 24 52 54 9 14 16 24 14 26 61 13 40 13 48
35 38 39 34 34 57 44 30 22 47 22 35 17 19 50 27 26 24 19 12 30 51 40 37 29 22 40 9 28 34 33 0 38 29 10 25 39 21 20 16 10 25 11 10 28 14 16 23 26 11 54 55 42 14 29 19 35 5 41 33 7 17 32 22 26 27 46 47 25 22 21 28 32 9 42 16
10 60 4 36 4 54 26 18 15 12 21 71 41 31 40 47 59 26 47 41 46 54 32 15 11 46 38 32 40 23 41 38 0 11 29 26 43 38 50 27 44 51 28 47 65 36 34 60 17 49 49 55 75 51 64 56 53 41 50 64 34 21 59 39 62 32 48 43 54 44 18 53 28 37 54 39
16 49 11 26 7 46 21 8 8 18 19 61 30 19 33 36 48 26 42 31 35 45 24 10 13 35 29 26 29 14 30 29 11 0 23 15 33 26 40 16 37 40 18 39 56 25 23 51 5 40 41 46 64 42 54 48 42 32 40 53 25 14 48 36 55 21 39 34 43 33 8 49 18 31 43 35
25 46 32 36 26 59 42 27 15 40 11 45 24 21 50 34 36 14 19 20 36 55 39 32 20 30 42 3 33 32 36 10 29 23 0 24 42 26 29 16 15 34 10 17 38 20 21 33 22 21 55 58 53 24 39 28 42 15 46 43 12 9 41 16 33 29 49 48 34 29 17 27 31 8 48 13
30 34 24 13 21 36 20 8 16 30 27 51 18 7 26 22 36 34 42 21 21 32 15 16 25 22 18 27 15 10 16 25 26 15 24 0 20 13 28 9 34 27 15 35 46 15 12 41 9 34 31 35 51 34 43 40 28 25 26 40 18 18 34 40 50 7 26 24 31 20 10 51 7 30 29 37
49 24 40 7 39 18 24 25 36 43 47 52 24 21 17 18 37 53 58 30 14 13 13 30 45 22 7 44 11 20 7 39 43 33 42 20 0 18 30 26 49 25 32 47 50 25 23 47 28 45 16 16 46 43 45 48 17 37 8 38 33 38 29 58 61 13 7 10 30 21 30 67 15 47 12 54
40 23 37 14 33 36 30 21 25 42 33 39 7 7 31 9 24 39 40 12 10 30 22 29 35 9 21 27 7 21 11 21 38 26 26 13 18 0 16 12 31 14 16 29 35 7 5 31 21 27 33 34 38 25 32 31 17 19 20 28 15 24 21 42 43 9 25 27 18 7 20 49 16 29 22 37
51 19 50 29 46 48 46 36 36 57 40 23 9 21 46 13 9 44 36 10 17 39 37 44 45 8 35 29 20 37 24 20 50 40 29 28 30 16 0 23 26 7 24 22 20 14 16 16 35 18 46 45 24 14 16 19 19 15 29 14 18 32 12 41 32 25 36 40 5 10 32 45 32 28 27 36
28 35 27 20 23 43 28 14 14 34 21 45 14 5 34 21 32 28 34 14 22 39 24 22 23 20 25 18 17 18 21 16 27 16 16 9 26 12 23 0 26 25 6 26 40 9 8 35 12 26 39 42 48 27 38 33 29 17 31 37 10 12 32 33 42 13 33 32 27 18 9 43 16 22 33 28
39 45 46 44 41 67 54 39 30 55 25 34 25 29 60 35 29 25 10 20 38 60 49 46 34 30 50 12 38 44 42 10 44 37 15 34 49 31 26 26 0 32 20 4 26 24 26 22 35 9 63 65 44 14 30 16 43 12 50 36 17 24 38 17 18 37 56 56 30 31 30 19 41 7 50 11
53 13 51 25 47 42 43 35 38 57 44 27 10 21 41 7 12 48 42 14 11 33 34 43 47 5 30 34 16 35 19 25 51 40 34 27 25 14 7 25 32 0 27 29 25 16 17 22 35 25 40 39 24 21 20 26 12 21 22 14 22 35 8 47 39 22 30 35 5 7 33 51 29 34 21 41
27 38 29 26 24 49 34 19 13 37 17 43 16 11 41 25 32 22 28 14 26 45 30 26 21 22 32 12 23 24 26 11 28 18 10 15 32 16 24 6 20 27 0 21 37 11 11 32 15 22 45 48 48 24 37 29 33 13 36 38 6 9 34 26 37 19 39 38 28 21 10 36 22 16 38 22
42 42 48 43 43 66 54 40 32 57 28 30 23 28 59 33 25 29 14 18 36 58 49 47 37 28 49 15 36 44 40 10 47 39 17 35 47 29 22 26 4 29 21 0 22 22 25 18 36 5 62 63 40 10 25 12 41 10 48 32 16 26 34 21 16 36 54 55 27 28 31 22 41 11 48 16
63 34 66 49 61 67 66 54 50 74 50 7 28 39 66 32 14 51 34 26 36 58 57 62 57 28 55 36 40 56 44 28 65 56 38 46 50 35 20 40 26 25 37 22 0 32 34 5 51 18 66 64 21 14 7 11 37 24 48 18 31 45 25 43 20 45 56 60 21 30 48 40 51 33 46 38
37 27 36 21 32 43 34 22 22 43 28 36 5 7 37 14 23 33 33 6 16 37 27 30 31 11 27 21 14 25 18 14 36 25 20 15 25 7 14 9 24 16 11 22 32 0 3 27 21 21 40 41 38 20 29 26 23 12 27 28 8 19 23 35 37 14 32 33 18 10 18 42 20 22 28 30
36 27 34 18 30 41 31 20 21 41 28 39 7 4 34 14 25 34 35 9 15 35 24 28 30 12 24 22 12 22 16 16 34 23 21 12 23 5 16 8 26 17 11 25 34 3 0 30 18 24 37 39 40 23 32 29 22 15 26 30 10 19 25 36 40 11 30 30 20 10 16 45 17 24 27 31
58 32 61 45 56 64 61 49 45 69 45 12 24 34 62 29 12 46 30 21 33 55 53 57 52 24 51 32 36 51 40 23 60 51 33 41 47 31 16 35 22 22 32 18 5 27 30 0 47 13 62 61 23 9 8 7 34 19 45 17 26 40 23 39 19 40 53 56 18 26 43 37 47 28 43 34
21 43 16 21 12 42 20 5 9 22 21 57 25 14 30 30 43 28 41 26 30 40 20 11 16 30 25 25 24 11 25 26 17 5 22 9 28 21 35 12 35 35 15 36 51 21 18 47 0 37 37 42 59 38 50 44 37 28 35 48 21 13 42 37 52 16 34 30 38 28 5 49 14 29 38 34
45 37 50 41 45 63 54 40 34 59 32 25 21 27 58 29 20 33 18 15 33 55 48 48 40 24 47 18 34 44 38 11 49 40 21 34 45 27 18 26 9 25 22 5 18 21 24 13 37 0 60 61 35 5 21 8 37 9 45 27 16 28 30 26 16 35 51 53 22 25 32 27 40 15 45 20
57 37 45 19 45 5 23 33 46 44 57 67 40 35 9 33 52 64 72 45 29 11 17 34 53 38 13 57 27 26 22 54 49 41 55 31 16 33 46 39 63 40 45 62 66 40 37 62 37 60 0 8 60 58 60 64 30 52 19 52 47 49 43 71 76 26 10 7 45 36 41 81 24 61 23 67
62 33 51 22 51 4 30 38 51 51 62 65 40 38 16 32 50 69 74 45 28 6 23 40 59 37 17 60 27 32 23 55 55 46 58 35 16 34 45 42 65 39 48 63 64 41 39 61 42 61 8 0 56 58 58 64 27 53 16 49 49 53 40 75 76 29 9 12 43 36 45 84 29 63 19 70
75 23 74 48 70 60 67 59 60 81 64 15 33 45 63 31 17 66 53 34 34 50 57 67 69 29 53 52 39 59 42 42 75 64 53 51 46 38 24 48 44 24 48 40 21 38 40 23 59 35 60 56 0 30 15 30 30 37 41 11 42 56 18 62 41 47 50 56 21 31 56 60 53 49 37 56
49 33 52 40 48 61 54 41 36 60 36 21 19 27 57 26 15 37 23 14 30 53 47 49 43 21 46 22 32 44 36 14 51 42 24 34 43 25 14 27 14 21 24 10 14 20 23 9 38 5 58 58 30 0 16 6 33 10 42 22 17 31 25 31 18 34 49 52 18 22 34 32 40 19 41 25
63 27 65 45 60 62 62 51 49 72 51 7 25 36 61 27 8 53 38 24 31 52 53 60 57 23 50 38 35 53 39 29 64 54 39 43 45 32 16 38 30 20 37 25 7 29 32 8 50 21 60 58 15 16 0 15 31 24 42 11 30 45 18 47 26 41 50 55 15 25 46 45 47 35 39 41
53 37 58 46 53 66 60 47 41 66 40 18 25 33 63 31 17 40 23 20 35 58 53 55 48 26 52 26 37 50 42 19 56 48 28 40 48 31 19 33 16 26 29 12 11 26 29 7 44 8 64 64 30 6 15 0 38 16 47 24 23 36 28 33 13 40 55 58 22 28 40 30 46 22 46 27
57 8 51 20 49 31 39 35 42 56 50 37 18 24 33 9 23 56 54 24 7 21 28 42 51 13 23 43 13 33 13 35 53 42 42 28 17 17 19 29 43 12 33 41 37 23 22 34 37 37 30 27 30 33 31 38 0 31 11 22 30 41 13 57 51 21 20 26 17 13 36 63 27 44 9 51
39 34 42 33 37 55 45 31 26 50 26 30 13 18 49 23 21 29 22 8 26 48 39 39 33 18 39 14 26 35 30 5 41 32 15 25 37 19 15 17 12 21 13 10 24 12 15 19 28 9 52 53 37 10 24 16 31 0 38 28 7 21 27 26 25 26 44 45 20 19 24 31 31 13 38 21
56 18 48 14 46 20 32 32 42 51 52 48 25 26 23 16 34 58 60 30 12 11 21 38 51 21 15 48 13 28 10 41 50 40 46 26 8 20 29 31 50 22 36 48 48 27 26 45 35 45 19 16 41 42 42 47 11 38 0 33 35 43 24 62 61 19 9 16 27 20 36 69 22 49 4 57
64 17 64 39 60 53 57 49 50 70 53 16 23 34 54 21 7 57 46 24 24 43 48 57 59 19 44 42 30 49 33 33 64 53 43 40 38 28 14 37 36 14 38 32 18 28 30 17 48 27 52 49 11 22 11 24 22 28 33 0 32 46 9 53 36 36 42 48 10 21 46 54 43 40 30 47
33 34 35 27 30 51 38 24 19 43 22 37 12 12 43 22 26 26 26 8 24 45 33 32 27 18 34 13 22 28 26 7 34 25 12 18 33 15 18 10 17 22 6 16 31 8 10 26 21 16 47 49 42 17 30 23 30 7 35 32 0 14 29 27 32 21 40 40 23 17 17 35 25 14 36 22
19 46 23 31 18 54 34 18 6 32 9 51 25 17 43 33 40 16 28 22 34 50 33 24 13 31 36 12 30 24 33 17 21 14 9 18 38 24 32 12 24 35 9 26 45 19 19 40 13 28 49 53 56 31 45 36 41 21 43 46 14 0 43 23 41 24 44 42 37 29 9 36 25 17 45 21
61 9 58 30 54 44 49 43 46 64 51 25 18 28 46 13 11 55 48 21 16 34 39 50 55 13 35 41 22 42 24 32 59 48 41 34 29 21 12 32 38 8 34 34 25 23 25 23 42 30 43 40 18 25 18 28 13 27 24 9 29 43 0 54 42 29 33 39 7 14 41 56 36 40 21 48
31 60 42 52 38 76 57 42 28 51 18 51 39 37 66 48 46 13 11 34 51 71 55 46 28 44 58 14 49 48 52 22 39 36 16 40 58 42 41 33 17 47 26 21 43 35 36 39 37 26 71 75 62 31 47 33 57 26 62 53 27 23 54 0 30 45 65 64 46 44 32 14 48 13 63 6
57 50 64 58 59 79 70 56 47 73 42 26 37 44 74 44 31 41 18 32 48 71 64 63 52 39 64 30 50 60 54 26 62 55 33 50 61 43 32 42 18 39 37 16 20 37 40 19 52 16 76 76 41 18 26 13 51 25 61 36 32 41 42 30 0 51 68 70 35 41 47 22 57 25 60 26
37 28 30 7 28 30 21 14 23 35 33 48 16 9 23 16 33 40 46 20 14 26 13 21 32 18 13 31 8 13 9 27 32 21 29 7 13 9 25 13 37 22 19 36 45 14 11 40 16 35 26 29 47 34 41 40 21 26 19 36 21 24 29 45 51 0 20 19 27 16 17 55 7 34 22 41
55 27 45 13 44 12 26 30 43 46 53 57 31 28 15 24 42 60 65 36 20 6 16 34 51 28 10 51 18 25 14 46 48 39 49 26 7 25 36 33 56 30 39 54 56 32 30 53 34 51 10 9 50 49 50 55 20 44 9 42 40 44 33 65 68 20 0 8 35 27 37 74 21 54 13 61
50 34 39 13 39 12 18 26 39 39 50 62 33 28 7 28 47 57 65 38 24 13 10 28 47 32 6 50 20 20 16 47 43 34 48 24 10 27 40 32 56 35 38 55 60 33 30 56 30 53 7 12 56 52 55 58 26 45 16 48 40 42 39 64 70 19 8 0 40 30 34 74 17 54 20 60
55 15 54 30 50 47 48 39 40 60 45 22 13 24 46 12 7 49 40 15 16 38 39 47 49 9 35 34 21 39 24 25 54 43 34 31 30 18 5 27 30 5 28 27 21 18 20 18 38 22 45 43 21 18 15 22 17 20 27 10 23 37 7 46 35 27 35 40 0 11 36 49 34 33 25 40
46 17 44 19 40 39 37 28 32 49 38 33 5 14 36 4 18 43 41 11 8 31 28 36 41 2 25 30 10 28 14 22 44 33 29 20 21 7 10 18 31 7 21 28 30 10 10 26 28 25 36 36 31 22 25 28 13 19 20 21 17 29 14 44 41 16 27 30 11 0 26 50 22 31 20 38
20 43 19 23 14 45 25 10 6 26 17 53 23 13 35 29 40 24 36 23 29 43 24 16 15 28 28 20 24 16 26 21 18 8 17 10 30 20 32 9 30 33 10 31 48 18 16 43 5 32 41 45 56 34 46 40 36 24 36 46 17 9 41 32 47 17 37 34 36 26 0 44 17 24 39 29
45 64 56 62 51 85 69 54 41 65 32 47 45 46 77 54 47 27 9 39 58 79 66 59 42 50 68 25 57 60 61 28 53 49 27 51 67 49 45 43 19 51 36 22 40 42 45 37 49 27 81 84 60 32 45 30 63 31 69 54 35 36 56 14 22 55 74 74 49 50 44 0 58 21 70 15
34 34 26 8 24 29 15 10 22 29 33 55 23 13 19 23 40 40 50 26 21 27 8 16 30 25 11 34 14 6 13 32 28 18 31 7 15 16 32 16 41 29 22 41 51 20 17 47 14 40 24 29 53 40 47 46 27 31 22 43 25 25 36 48 57 7 21 17 34 22 17 58 0 38 26 44
32 47 40 41 35 65 49 34 23 49 18 40 25 26 56 35 33 18 12 20 38 59 46 40 27 31 47 5 36 39 40 9 37 31 8 30 47 29 28 22 7 34 16 11 33 22 24 28 29 15 61 63 49 19 35 22 44 13 49 40 14 17 40 13 25 34 54 54 33 31 24 21 38 0 50 8
59 14 52 18 50 23 36 36 45 55 54 46 25 28 27 16 32 60 61 31 12 13 25 41 54 21 19 49 15 32 13 42 54 43 48 29 12 22 27 33 50 21 38 48 46 28 27 43 38 45 23 19 37 41 39 46 9 38 4 30 36 45 21 63 60 22 13 20 25 20 39 70 26 50 0 58
32 54 42 48 37 71 54 39 26 51 18 45 33 33 63 43 40 15 8 28 46 66 52 44 28 39 54 10 44 45 48 16 39 35 13 37 54 37 36 28 11 41 22 16 38 30 31 34 34 20 67 70 56 25 41 27 51 21 57 47 22 21 48 6 26 41 61 60 40 38 29 15 44 8 58 0